# Elapsed time   CPU (%)     Real (MB)   Virtual (MB)
       0.000        0.000      198.164     1690.348
       1.002        0.000      198.164     1690.348
       2.004        0.000      198.164     1690.348
       3.006        0.000      198.164     1690.348
       4.007        0.000      198.164     1690.348
       5.009        0.000      198.164     1690.348
       6.013        4.000      198.164     1690.348
       7.015        7.000      198.164     1690.348
       8.018        3.000      198.164     1690.348
       9.020        3.000      198.164     1690.348
      10.021        3.000      198.164     1690.348
      11.024        3.000      198.164     1690.348
      12.025        2.000      198.164     1690.348
      13.027        0.000      198.164     1690.348
      14.029        2.000      198.164     1690.348
      15.031        2.000      198.164     1690.348
      16.033        2.000      198.164     1690.348
      17.035        3.000      198.164     1690.348
      18.037        1.000      198.164     1690.348
      19.039        3.000      198.164     1690.348
      20.041        2.000      198.164     1690.348
      21.043        2.000      198.164     1690.348
      22.045        3.000      198.164     1690.348
      23.047        3.000      198.164     1690.348
      24.049        3.000      198.164     1690.348
      25.051        0.000      198.164     1690.348
      26.052        0.000      198.164     1690.348
      27.054        3.000      198.164     1690.348
      28.057        3.000      198.164     1690.348
      29.059        4.000      198.164     1690.348
      30.061        2.000      198.164     1690.348
      31.063        4.000      198.164     1690.348
      32.065        3.000      198.164     1690.348
      33.067        0.000      198.164     1690.348
      34.069        0.000      198.164     1690.348
      35.071        7.000      214.156     1704.348
      36.074        2.000      214.156     1704.348
      37.076        3.000      214.156     1704.348
      38.077        1.000      214.156     1704.348
      39.079        2.000      214.156     1704.348
      40.082        1.000      214.156     1704.348
      41.084        0.000      214.156     1704.348
      42.085        0.000      214.156     1704.348
      43.087        0.000      214.156     1704.348
      44.089        0.000      214.156     1704.348
      45.091        0.000      214.156     1704.348
      46.093        0.000      214.156     1704.348
      47.096        0.000      214.156     1704.348
      48.097        0.000      214.156     1704.348
      49.099        0.000      214.156     1704.348
      50.101        0.000      214.156     1704.348
      51.103        0.000      214.156     1704.348
      52.105        0.000      214.156     1704.348
      53.107        0.000      214.156     1704.348
      54.109        1.000      214.156     1704.348
