# Elapsed time   CPU (%)     Real (MB)   Virtual (MB)
       0.000        0.000      322.316     8860.074
       1.001        1.000      322.316     8860.074
       2.003        0.000      322.316     8860.074
       3.005        0.000      322.316     8860.074
       4.006        1.000      322.316     8860.074
       5.008      159.700      329.809     8860.074
       6.010      120.800      339.828     8924.074
       7.011       45.900      341.590     8924.074
       8.013       25.000      341.793     8924.074
       9.015       22.000      342.102     8924.074
      10.017       28.900      342.102     8924.074
      11.019       27.000      342.297     8924.074
      12.021       18.000      342.332     8924.074
      13.023       21.000      342.406     8924.074
      14.025        5.000      342.406     8924.074
      15.027        1.000      342.406     8924.074
      16.029       27.900      343.160     8924.074
      17.030       17.000      343.203     8924.074
      18.032       19.000      343.430     8924.074
      19.035       18.000      343.738     8924.074
      20.037       19.000      343.902     8924.074
      21.038       21.000      344.066     8924.074
      22.040       19.000      344.363     8924.074
      23.042       17.000      344.664     8924.074
      24.044       29.900      344.836     8924.074
      25.046       14.000      344.918     8924.074
      26.048       16.000      345.082     8924.074
      27.050        2.000      345.082     8924.074
      28.052        0.000      345.082     8924.074
      29.053       70.900      345.402     8924.074
      30.055       20.000      345.637     8924.074
      31.057       19.000      345.879     8924.074
      32.059       16.000      345.969     8924.074
      33.061       21.000      346.203     8924.074
      34.063       21.000      346.355     8924.074
      35.065       13.000      346.504     8924.074
      36.067        0.000      346.504     8924.074
      37.068       18.000      346.637     8924.074
      38.070       10.000      346.738     8924.074
      39.072       12.000      346.812     8924.074
      40.074        9.000      346.891     8924.074
      41.076       11.000      347.070     8924.074
      42.078       21.000      347.246     8924.074
      43.079       40.900      348.418     8924.074
      44.081        0.000      348.418     8924.074
      45.083        0.000      342.539     8924.074
      46.084        1.000      342.539     8924.074
      47.086        0.000      342.539     8924.074
      48.088        0.000      342.539     8924.074
      49.090        0.000      342.539     8924.074
      50.092        1.000      342.539     8924.074
